1 0
-401 0
-26 0
426 0
-2 0
-402 0
-27 0
-427 0
-3 0
-403 0
-28 0
-428 0
-4 0
-404 0
-29 0
-429 0
-5 0
-405 0
-30 0
-430 0
-6 0
-406 0
-31 0
-431 0
-7 0
-407 0
-32 0
-432 0
-8 0
-408 0
-33 0
-433 0
-9 0
-409 0
-34 0
-434 0
-10 0
-410 0
-35 0
-435 0
-11 0
-411 0
-36 0
-436 0
-12 0
-412 0
-37 0
-437 0
-13 0
-413 0
-38 0
-438 0
-14 0
-414 0
-39 0
-439 0
-15 0
-415 0
-40 0
-440 0
-16 0
-416 0
-41 0
-441 0
-17 0
-417 0
-42 0
-442 0
-18 0
-418 0
-43 0
-443 0
-19 0
-419 0
-44 0
-444 0
-20 0
-420 0
-45 0
-445 0
-21 0
-421 0
-46 0
-446 0
-22 0
-422 0
-47 0
-447 0
-23 0
-423 0
-48 0
-448 0
-24 0
-424 0
-49 0
-449 0
-25 0
425 0
50 0
-450 0
-51 1 6 2 0
-101 51 56 52 0
-151 101 106 102 0
-201 151 156 152 0
-251 201 206 202 0
-301 251 256 252 0
-351 301 306 302 0
-401 351 356 352 0
-76 26 31 27 0
-126 76 81 77 0
-176 126 131 127 0
-226 176 181 177 0
-276 226 231 227 0
-326 276 281 277 0
-376 326 331 327 0
-426 376 381 377 0
-52 2 7 3 1 0
-102 52 57 53 51 0
-152 102 107 103 101 0
-202 152 157 153 151 0
-252 202 207 203 201 0
-302 252 257 253 251 0
-352 302 307 303 301 0
-402 352 357 353 351 0
-77 27 32 28 26 0
-127 77 82 78 76 0
-177 127 132 128 126 0
-227 177 182 178 176 0
-277 227 232 228 226 0
-327 277 282 278 276 0
-377 327 332 328 326 0
-427 377 382 378 376 0
-53 3 8 4 2 0
-103 53 58 54 52 0
-153 103 108 104 102 0
-203 153 158 154 152 0
-253 203 208 204 202 0
-303 253 258 254 252 0
-353 303 308 304 302 0
-403 353 358 354 352 0
-78 28 33 29 27 0
-128 78 83 79 77 0
-178 128 133 129 127 0
-228 178 183 179 177 0
-278 228 233 229 227 0
-328 278 283 279 277 0
-378 328 333 329 327 0
-428 378 383 379 377 0
-54 4 9 5 3 0
-104 54 59 55 53 0
-154 104 109 105 103 0
-204 154 159 155 153 0
-254 204 209 205 203 0
-304 254 259 255 253 0
-354 304 309 305 303 0
-404 354 359 355 353 0
-79 29 34 30 28 0
-129 79 84 80 78 0
-179 129 134 130 128 0
-229 179 184 180 178 0
-279 229 234 230 228 0
-329 279 284 280 278 0
-379 329 334 330 328 0
-429 379 384 380 378 0
-55 5 10 4 0
-105 55 60 54 0
-155 105 110 104 0
-205 155 160 154 0
-255 205 210 204 0
-305 255 260 254 0
-355 305 310 304 0
-405 355 360 354 0
-80 30 35 29 0
-130 80 85 79 0
-180 130 135 129 0
-230 180 185 179 0
-280 230 235 229 0
-330 280 285 279 0
-380 330 335 329 0
-430 380 385 379 0
-56 6 1 11 7 0
-106 56 51 61 57 0
-156 106 101 111 107 0
-206 156 151 161 157 0
-256 206 201 211 207 0
-306 256 251 261 257 0
-356 306 301 311 307 0
-406 356 351 361 357 0
-81 31 26 36 32 0
-131 81 76 86 82 0
-181 131 126 136 132 0
-231 181 176 186 182 0
-281 231 226 236 232 0
-331 281 276 286 282 0
-381 331 326 336 332 0
-431 381 376 386 382 0
-57 7 12 8 2 6 0
-107 57 62 58 52 56 0
-157 107 112 108 102 106 0
-207 157 162 158 152 156 0
-257 207 212 208 202 206 0
-307 257 262 258 252 256 0
-357 307 312 308 302 306 0
-407 357 362 358 352 356 0
-82 32 37 33 27 31 0
-132 82 87 83 77 81 0
-182 132 137 133 127 131 0
-232 182 187 183 177 181 0
-282 232 237 233 227 231 0
-332 282 287 283 277 281 0
-382 332 337 333 327 331 0
-432 382 387 383 377 381 0
-58 8 13 9 3 7 0
-108 58 63 59 53 57 0
-158 108 113 109 103 107 0
-208 158 163 159 153 157 0
-258 208 213 209 203 207 0
-308 258 263 259 253 257 0
-358 308 313 309 303 307 0
-408 358 363 359 353 357 0
-83 33 38 34 28 32 0
-133 83 88 84 78 82 0
-183 133 138 134 128 132 0
-233 183 188 184 178 182 0
-283 233 238 234 228 232 0
-333 283 288 284 278 282 0
-383 333 338 334 328 332 0
-433 383 388 384 378 382 0
-59 9 14 10 4 8 0
-109 59 64 60 54 58 0
-159 109 114 110 104 108 0
-209 159 164 160 154 158 0
-259 209 214 210 204 208 0
-309 259 264 260 254 258 0
-359 309 314 310 304 308 0
-409 359 364 360 354 358 0
-84 34 39 35 29 33 0
-134 84 89 85 79 83 0
-184 134 139 135 129 133 0
-234 184 189 185 179 183 0
-284 234 239 235 229 233 0
-334 284 289 285 279 283 0
-384 334 339 335 329 333 0
-434 384 389 385 379 383 0
-60 10 9 15 5 0
-110 60 59 65 55 0
-160 110 109 115 105 0
-210 160 159 165 155 0
-260 210 209 215 205 0
-310 260 259 265 255 0
-360 310 309 315 305 0
-410 360 359 365 355 0
-85 35 34 40 30 0
-135 85 84 90 80 0
-185 135 134 140 130 0
-235 185 184 190 180 0
-285 235 234 240 230 0
-335 285 284 290 280 0
-385 335 334 340 330 0
-435 385 384 390 380 0
-61 11 6 16 12 0
-111 61 56 66 62 0
-161 111 106 116 112 0
-211 161 156 166 162 0
-261 211 206 216 212 0
-311 261 256 266 262 0
-361 311 306 316 312 0
-411 361 356 366 362 0
-86 36 31 41 37 0
-136 86 81 91 87 0
-186 136 131 141 137 0
-236 186 181 191 187 0
-286 236 231 241 237 0
-336 286 281 291 287 0
-386 336 331 341 337 0
-436 386 381 391 387 0
-62 12 17 13 7 11 0
-112 62 67 63 57 61 0
-162 112 117 113 107 111 0
-212 162 167 163 157 161 0
-262 212 217 213 207 211 0
-312 262 267 263 257 261 0
-362 312 317 313 307 311 0
-412 362 367 363 357 361 0
-87 37 42 38 32 36 0
-137 87 92 88 82 86 0
-187 137 142 138 132 136 0
-237 187 192 188 182 186 0
-287 237 242 238 232 236 0
-337 287 292 288 282 286 0
-387 337 342 338 332 336 0
-437 387 392 388 382 386 0
-63 13 18 14 8 12 0
-113 63 68 64 58 62 0
-163 113 118 114 108 112 0
-213 163 168 164 158 162 0
-263 213 218 214 208 212 0
-313 263 268 264 258 262 0
-363 313 318 314 308 312 0
-413 363 368 364 358 362 0
-88 38 43 39 33 37 0
-138 88 93 89 83 87 0
-188 138 143 139 133 137 0
-238 188 193 189 183 187 0
-288 238 243 239 233 237 0
-338 288 293 289 283 287 0
-388 338 343 339 333 337 0
-438 388 393 389 383 387 0
-64 14 19 15 9 13 0
-114 64 69 65 59 63 0
-164 114 119 115 109 113 0
-214 164 169 165 159 163 0
-264 214 219 215 209 213 0
-314 264 269 265 259 263 0
-364 314 319 315 309 313 0
-414 364 369 365 359 363 0
-89 39 44 40 34 38 0
-139 89 94 90 84 88 0
-189 139 144 140 134 138 0
-239 189 194 190 184 188 0
-289 239 244 240 234 238 0
-339 289 294 290 284 288 0
-389 339 344 340 334 338 0
-439 389 394 390 384 388 0
-65 15 14 20 10 0
-115 65 64 70 60 0
-165 115 114 120 110 0
-215 165 164 170 160 0
-265 215 214 220 210 0
-315 265 264 270 260 0
-365 315 314 320 310 0
-415 365 364 370 360 0
-90 40 39 45 35 0
-140 90 89 95 85 0
-190 140 139 145 135 0
-240 190 189 195 185 0
-290 240 239 245 235 0
-340 290 289 295 285 0
-390 340 339 345 335 0
-440 390 389 395 385 0
-66 16 11 21 17 0
-116 66 61 71 67 0
-166 116 111 121 117 0
-216 166 161 171 167 0
-266 216 211 221 217 0
-316 266 261 271 267 0
-366 316 311 321 317 0
-416 366 361 371 367 0
-91 41 36 46 42 0
-141 91 86 96 92 0
-191 141 136 146 142 0
-241 191 186 196 192 0
-291 241 236 246 242 0
-341 291 286 296 292 0
-391 341 336 346 342 0
-441 391 386 396 392 0
-67 17 22 18 12 16 0
-117 67 72 68 62 66 0
-167 117 122 118 112 116 0
-217 167 172 168 162 166 0
-267 217 222 218 212 216 0
-317 267 272 268 262 266 0
-367 317 322 318 312 316 0
-417 367 372 368 362 366 0
-92 42 47 43 37 41 0
-142 92 97 93 87 91 0
-192 142 147 143 137 141 0
-242 192 197 193 187 191 0
-292 242 247 243 237 241 0
-342 292 297 293 287 291 0
-392 342 347 343 337 341 0
-442 392 397 393 387 391 0
-68 18 23 19 13 17 0
-118 68 73 69 63 67 0
-168 118 123 119 113 117 0
-218 168 173 169 163 167 0
-268 218 223 219 213 217 0
-318 268 273 269 263 267 0
-368 318 323 319 313 317 0
-418 368 373 369 363 367 0
-93 43 48 44 38 42 0
-143 93 98 94 88 92 0
-193 143 148 144 138 142 0
-243 193 198 194 188 192 0
-293 243 248 244 238 242 0
-343 293 298 294 288 292 0
-393 343 348 344 338 342 0
-443 393 398 394 388 392 0
-69 19 24 20 14 18 0
-119 69 74 70 64 68 0
-169 119 124 120 114 118 0
-219 169 174 170 164 168 0
-269 219 224 220 214 218 0
-319 269 274 270 264 268 0
-369 319 324 320 314 318 0
-419 369 374 370 364 368 0
-94 44 49 45 39 43 0
-144 94 99 95 89 93 0
-194 144 149 145 139 143 0
-244 194 199 195 189 193 0
-294 244 249 245 239 243 0
-344 294 299 295 289 293 0
-394 344 349 345 339 343 0
-444 394 399 395 389 393 0
-70 20 19 25 15 0
-120 70 69 75 65 0
-170 120 119 125 115 0
-220 170 169 175 165 0
-270 220 219 225 215 0
-320 270 269 275 265 0
-370 320 319 325 315 0
-420 370 369 375 365 0
-95 45 44 50 40 0
-145 95 94 100 90 0
-195 145 144 150 140 0
-245 195 194 200 190 0
-295 245 244 250 240 0
-345 295 294 300 290 0
-395 345 344 350 340 0
-445 395 394 400 390 0
-71 21 22 16 0
-121 71 72 66 0
-171 121 122 116 0
-221 171 172 166 0
-271 221 222 216 0
-321 271 272 266 0
-371 321 322 316 0
-421 371 372 366 0
-96 46 47 41 0
-146 96 97 91 0
-196 146 147 141 0
-246 196 197 191 0
-296 246 247 241 0
-346 296 297 291 0
-396 346 347 341 0
-446 396 397 391 0
-72 22 17 23 21 0
-122 72 67 73 71 0
-172 122 117 123 121 0
-222 172 167 173 171 0
-272 222 217 223 221 0
-322 272 267 273 271 0
-372 322 317 323 321 0
-422 372 367 373 371 0
-97 47 42 48 46 0
-147 97 92 98 96 0
-197 147 142 148 146 0
-247 197 192 198 196 0
-297 247 242 248 246 0
-347 297 292 298 296 0
-397 347 342 348 346 0
-447 397 392 398 396 0
-73 23 18 24 22 0
-123 73 68 74 72 0
-173 123 118 124 122 0
-223 173 168 174 172 0
-273 223 218 224 222 0
-323 273 268 274 272 0
-373 323 318 324 322 0
-423 373 368 374 372 0
-98 48 43 49 47 0
-148 98 93 99 97 0
-198 148 143 149 147 0
-248 198 193 199 197 0
-298 248 243 249 247 0
-348 298 293 299 297 0
-398 348 343 349 347 0
-448 398 393 399 397 0
-74 24 19 25 23 0
-124 74 69 75 73 0
-174 124 119 125 123 0
-224 174 169 175 173 0
-274 224 219 225 223 0
-324 274 269 275 273 0
-374 324 319 325 323 0
-424 374 369 375 373 0
-99 49 44 50 48 0
-149 99 94 100 98 0
-199 149 144 150 148 0
-249 199 194 200 198 0
-299 249 244 250 248 0
-349 299 294 300 298 0
-399 349 344 350 348 0
-449 399 394 400 398 0
-75 25 24 20 0
-125 75 74 70 0
-175 125 124 120 0
-225 175 174 170 0
-275 225 224 220 0
-325 275 274 270 0
-375 325 324 320 0
-425 375 374 370 0
-100 50 49 45 0
-150 100 99 95 0
-200 150 149 145 0
-250 200 199 195 0
-300 250 249 245 0
-350 300 299 295 0
-400 350 349 345 0
-450 400 399 395 0
-8 0
-18 0
-16 0
-10 0
-11 0
-15 0
-58 0
-68 0
-66 0
-60 0
-61 0
-65 0
-108 0
-118 0
-116 0
-110 0
-111 0
-115 0
-158 0
-168 0
-166 0
-160 0
-161 0
-165 0
-208 0
-218 0
-216 0
-210 0
-211 0
-215 0
-258 0
-268 0
-266 0
-260 0
-261 0
-265 0
-308 0
-318 0
-316 0
-310 0
-311 0
-315 0
-358 0
-368 0
-366 0
-360 0
-361 0
-365 0
-408 0
-418 0
-416 0
-410 0
-411 0
-415 0
-33 0
-43 0
-41 0
-35 0
-36 0
-40 0
-83 0
-93 0
-91 0
-85 0
-86 0
-90 0
-133 0
-143 0
-141 0
-135 0
-136 0
-140 0
-183 0
-193 0
-191 0
-185 0
-186 0
-190 0
-233 0
-243 0
-241 0
-235 0
-236 0
-240 0
-283 0
-293 0
-291 0
-285 0
-286 0
-290 0
-333 0
-343 0
-341 0
-335 0
-336 0
-340 0
-383 0
-393 0
-391 0
-385 0
-386 0
-390 0
-433 0
-443 0
-441 0
-435 0
-436 0
-440 0
-1 -26 0
-51 -76 0
-101 -126 0
-151 -176 0
-201 -226 0
-251 -276 0
-301 -326 0
-351 -376 0
-401 -426 0
-2 -27 0
-52 -77 0
-102 -127 0
-152 -177 0
-202 -227 0
-252 -277 0
-302 -327 0
-352 -377 0
-402 -427 0
-3 -28 0
-53 -78 0
-103 -128 0
-153 -178 0
-203 -228 0
-253 -278 0
-303 -328 0
-353 -378 0
-403 -428 0
-4 -29 0
-54 -79 0
-104 -129 0
-154 -179 0
-204 -229 0
-254 -279 0
-304 -329 0
-354 -379 0
-404 -429 0
-5 -30 0
-55 -80 0
-105 -130 0
-155 -180 0
-205 -230 0
-255 -280 0
-305 -330 0
-355 -380 0
-405 -430 0
-6 -31 0
-56 -81 0
-106 -131 0
-156 -181 0
-206 -231 0
-256 -281 0
-306 -331 0
-356 -381 0
-406 -431 0
-7 -32 0
-57 -82 0
-107 -132 0
-157 -182 0
-207 -232 0
-257 -282 0
-307 -332 0
-357 -382 0
-407 -432 0
-8 -33 0
-58 -83 0
-108 -133 0
-158 -183 0
-208 -233 0
-258 -283 0
-308 -333 0
-358 -383 0
-408 -433 0
-9 -34 0
-59 -84 0
-109 -134 0
-159 -184 0
-209 -234 0
-259 -284 0
-309 -334 0
-359 -384 0
-409 -434 0
-10 -35 0
-60 -85 0
-110 -135 0
-160 -185 0
-210 -235 0
-260 -285 0
-310 -335 0
-360 -385 0
-410 -435 0
-11 -36 0
-61 -86 0
-111 -136 0
-161 -186 0
-211 -236 0
-261 -286 0
-311 -336 0
-361 -386 0
-411 -436 0
-12 -37 0
-62 -87 0
-112 -137 0
-162 -187 0
-212 -237 0
-262 -287 0
-312 -337 0
-362 -387 0
-412 -437 0
-13 -38 0
-63 -88 0
-113 -138 0
-163 -188 0
-213 -238 0
-263 -288 0
-313 -338 0
-363 -388 0
-413 -438 0
-14 -39 0
-64 -89 0
-114 -139 0
-164 -189 0
-214 -239 0
-264 -289 0
-314 -339 0
-364 -389 0
-414 -439 0
-15 -40 0
-65 -90 0
-115 -140 0
-165 -190 0
-215 -240 0
-265 -290 0
-315 -340 0
-365 -390 0
-415 -440 0
-16 -41 0
-66 -91 0
-116 -141 0
-166 -191 0
-216 -241 0
-266 -291 0
-316 -341 0
-366 -391 0
-416 -441 0
-17 -42 0
-67 -92 0
-117 -142 0
-167 -192 0
-217 -242 0
-267 -292 0
-317 -342 0
-367 -392 0
-417 -442 0
-18 -43 0
-68 -93 0
-118 -143 0
-168 -193 0
-218 -243 0
-268 -293 0
-318 -343 0
-368 -393 0
-418 -443 0
-19 -44 0
-69 -94 0
-119 -144 0
-169 -194 0
-219 -244 0
-269 -294 0
-319 -344 0
-369 -394 0
-419 -444 0
-20 -45 0
-70 -95 0
-120 -145 0
-170 -195 0
-220 -245 0
-270 -295 0
-320 -345 0
-370 -395 0
-420 -445 0
-21 -46 0
-71 -96 0
-121 -146 0
-171 -196 0
-221 -246 0
-271 -296 0
-321 -346 0
-371 -396 0
-421 -446 0
-22 -47 0
-72 -97 0
-122 -147 0
-172 -197 0
-222 -247 0
-272 -297 0
-322 -347 0
-372 -397 0
-422 -447 0
-23 -48 0
-73 -98 0
-123 -148 0
-173 -198 0
-223 -248 0
-273 -298 0
-323 -348 0
-373 -398 0
-423 -448 0
-24 -49 0
-74 -99 0
-124 -149 0
-174 -199 0
-224 -249 0
-274 -299 0
-324 -349 0
-374 -399 0
-424 -449 0
-25 -50 0
-75 -100 0
-125 -150 0
-175 -200 0
-225 -250 0
-275 -300 0
-325 -350 0
-375 -400 0
-425 -450 0
-1 -31 -56 -76 0
-51 -81 -106 -126 0
-101 -131 -156 -176 0
-151 -181 -206 -226 0
-201 -231 -256 -276 0
-251 -281 -306 -326 0
-301 -331 -356 -376 0
-351 -381 -406 -426 0
-2 -32 -57 -77 0
-52 -82 -107 -127 0
-102 -132 -157 -177 0
-152 -182 -207 -227 0
-202 -232 -257 -277 0
-252 -282 -307 -327 0
-302 -332 -357 -377 0
-352 -382 -407 -427 0
-3 -33 -58 -78 0
-53 -83 -108 -128 0
-103 -133 -158 -178 0
-153 -183 -208 -228 0
-203 -233 -258 -278 0
-253 -283 -308 -328 0
-303 -333 -358 -378 0
-353 -383 -408 -428 0
-4 -34 -59 -79 0
-54 -84 -109 -129 0
-104 -134 -159 -179 0
-154 -184 -209 -229 0
-204 -234 -259 -279 0
-254 -284 -309 -329 0
-304 -334 -359 -379 0
-354 -384 -409 -429 0
-5 -35 -60 -80 0
-55 -85 -110 -130 0
-105 -135 -160 -180 0
-155 -185 -210 -230 0
-205 -235 -260 -280 0
-255 -285 -310 -330 0
-305 -335 -360 -380 0
-355 -385 -410 -430 0
-6 -36 -61 -81 0
-56 -86 -111 -131 0
-106 -136 -161 -181 0
-156 -186 -211 -231 0
-206 -236 -261 -281 0
-256 -286 -311 -331 0
-306 -336 -361 -381 0
-356 -386 -411 -431 0
-7 -37 -62 -82 0
-57 -87 -112 -132 0
-107 -137 -162 -182 0
-157 -187 -212 -232 0
-207 -237 -262 -282 0
-257 -287 -312 -332 0
-307 -337 -362 -382 0
-357 -387 -412 -432 0
-8 -38 -63 -83 0
-58 -88 -113 -133 0
-108 -138 -163 -183 0
-158 -188 -213 -233 0
-208 -238 -263 -283 0
-258 -288 -313 -333 0
-308 -338 -363 -383 0
-358 -388 -413 -433 0
-9 -39 -64 -84 0
-59 -89 -114 -134 0
-109 -139 -164 -184 0
-159 -189 -214 -234 0
-209 -239 -264 -284 0
-259 -289 -314 -334 0
-309 -339 -364 -384 0
-359 -389 -414 -434 0
-10 -40 -65 -85 0
-60 -90 -115 -135 0
-110 -140 -165 -185 0
-160 -190 -215 -235 0
-210 -240 -265 -285 0
-260 -290 -315 -335 0
-310 -340 -365 -385 0
-360 -390 -415 -435 0
-11 -41 -66 -86 0
-61 -91 -116 -136 0
-111 -141 -166 -186 0
-161 -191 -216 -236 0
-211 -241 -266 -286 0
-261 -291 -316 -336 0
-311 -341 -366 -386 0
-361 -391 -416 -436 0
-12 -42 -67 -87 0
-62 -92 -117 -137 0
-112 -142 -167 -187 0
-162 -192 -217 -237 0
-212 -242 -267 -287 0
-262 -292 -317 -337 0
-312 -342 -367 -387 0
-362 -392 -417 -437 0
-13 -43 -68 -88 0
-63 -93 -118 -138 0
-113 -143 -168 -188 0
-163 -193 -218 -238 0
-213 -243 -268 -288 0
-263 -293 -318 -338 0
-313 -343 -368 -388 0
-363 -393 -418 -438 0
-14 -44 -69 -89 0
-64 -94 -119 -139 0
-114 -144 -169 -189 0
-164 -194 -219 -239 0
-214 -244 -269 -289 0
-264 -294 -319 -339 0
-314 -344 -369 -389 0
-364 -394 -419 -439 0
-15 -45 -70 -90 0
-65 -95 -120 -140 0
-115 -145 -170 -190 0
-165 -195 -220 -240 0
-215 -245 -270 -290 0
-265 -295 -320 -340 0
-315 -345 -370 -390 0
-365 -395 -420 -440 0
-16 -46 -71 -91 0
-66 -96 -121 -141 0
-116 -146 -171 -191 0
-166 -196 -221 -241 0
-216 -246 -271 -291 0
-266 -296 -321 -341 0
-316 -346 -371 -391 0
-366 -396 -421 -441 0
-17 -47 -72 -92 0
-67 -97 -122 -142 0
-117 -147 -172 -192 0
-167 -197 -222 -242 0
-217 -247 -272 -292 0
-267 -297 -322 -342 0
-317 -347 -372 -392 0
-367 -397 -422 -442 0
-18 -48 -73 -93 0
-68 -98 -123 -143 0
-118 -148 -173 -193 0
-168 -198 -223 -243 0
-218 -248 -273 -293 0
-268 -298 -323 -343 0
-318 -348 -373 -393 0
-368 -398 -423 -443 0
-19 -49 -74 -94 0
-69 -99 -124 -144 0
-119 -149 -174 -194 0
-169 -199 -224 -244 0
-219 -249 -274 -294 0
-269 -299 -324 -344 0
-319 -349 -374 -394 0
-369 -399 -424 -444 0
-20 -50 -75 -95 0
-70 -100 -125 -145 0
-120 -150 -175 -195 0
-170 -200 -225 -245 0
-220 -250 -275 -295 0
-270 -300 -325 -345 0
-320 -350 -375 -395 0
-370 -400 -425 -445 0
-1 -31 -56 -76 0
-51 -81 -106 -126 0
-101 -131 -156 -176 0
-151 -181 -206 -226 0
-201 -231 -256 -276 0
-251 -281 -306 -326 0
-301 -331 -356 -376 0
-351 -381 -406 -426 0
-2 -32 -57 -77 0
-52 -82 -107 -127 0
-102 -132 -157 -177 0
-152 -182 -207 -227 0
-202 -232 -257 -277 0
-252 -282 -307 -327 0
-302 -332 -357 -377 0
-352 -382 -407 -427 0
-3 -33 -58 -78 0
-53 -83 -108 -128 0
-103 -133 -158 -178 0
-153 -183 -208 -228 0
-203 -233 -258 -278 0
-253 -283 -308 -328 0
-303 -333 -358 -378 0
-353 -383 -408 -428 0
-4 -34 -59 -79 0
-54 -84 -109 -129 0
-104 -134 -159 -179 0
-154 -184 -209 -229 0
-204 -234 -259 -279 0
-254 -284 -309 -329 0
-304 -334 -359 -379 0
-354 -384 -409 -429 0
-6 -36 -61 -81 0
-56 -86 -111 -131 0
-106 -136 -161 -181 0
-156 -186 -211 -231 0
-206 -236 -261 -281 0
-256 -286 -311 -331 0
-306 -336 -361 -381 0
-356 -386 -411 -431 0
-7 -37 -62 -82 0
-57 -87 -112 -132 0
-107 -137 -162 -182 0
-157 -187 -212 -232 0
-207 -237 -262 -282 0
-257 -287 -312 -332 0
-307 -337 -362 -382 0
-357 -387 -412 -432 0
-8 -38 -63 -83 0
-58 -88 -113 -133 0
-108 -138 -163 -183 0
-158 -188 -213 -233 0
-208 -238 -263 -283 0
-258 -288 -313 -333 0
-308 -338 -363 -383 0
-358 -388 -413 -433 0
-9 -39 -64 -84 0
-59 -89 -114 -134 0
-109 -139 -164 -184 0
-159 -189 -214 -234 0
-209 -239 -264 -284 0
-259 -289 -314 -334 0
-309 -339 -364 -384 0
-359 -389 -414 -434 0
-11 -41 -66 -86 0
-61 -91 -116 -136 0
-111 -141 -166 -186 0
-161 -191 -216 -236 0
-211 -241 -266 -286 0
-261 -291 -316 -336 0
-311 -341 -366 -386 0
-361 -391 -416 -436 0
-12 -42 -67 -87 0
-62 -92 -117 -137 0
-112 -142 -167 -187 0
-162 -192 -217 -237 0
-212 -242 -267 -287 0
-262 -292 -317 -337 0
-312 -342 -367 -387 0
-362 -392 -417 -437 0
-13 -43 -68 -88 0
-63 -93 -118 -138 0
-113 -143 -168 -188 0
-163 -193 -218 -238 0
-213 -243 -268 -288 0
-263 -293 -318 -338 0
-313 -343 -368 -388 0
-363 -393 -418 -438 0
-14 -44 -69 -89 0
-64 -94 -119 -139 0
-114 -144 -169 -189 0
-164 -194 -219 -239 0
-214 -244 -269 -289 0
-264 -294 -319 -339 0
-314 -344 -369 -389 0
-364 -394 -419 -439 0
-16 -46 -71 -91 0
-66 -96 -121 -141 0
-116 -146 -171 -191 0
-166 -196 -221 -241 0
-216 -246 -271 -291 0
-266 -296 -321 -341 0
-316 -346 -371 -391 0
-366 -396 -421 -441 0
-17 -47 -72 -92 0
-67 -97 -122 -142 0
-117 -147 -172 -192 0
-167 -197 -222 -242 0
-217 -247 -272 -292 0
-267 -297 -322 -342 0
-317 -347 -372 -392 0
-367 -397 -422 -442 0
-18 -48 -73 -93 0
-68 -98 -123 -143 0
-118 -148 -173 -193 0
-168 -198 -223 -243 0
-218 -248 -273 -293 0
-268 -298 -323 -343 0
-318 -348 -373 -393 0
-368 -398 -423 -443 0
-19 -49 -74 -94 0
-69 -99 -124 -144 0
-119 -149 -174 -194 0
-169 -199 -224 -244 0
-219 -249 -274 -294 0
-269 -299 -324 -344 0
-319 -349 -374 -394 0
-369 -399 -424 -444 0
-21 -51 -76 -96 0
-71 -101 -126 -146 0
-121 -151 -176 -196 0
-171 -201 -226 -246 0
-221 -251 -276 -296 0
-271 -301 -326 -346 0
-321 -351 -376 -396 0
-371 -401 -426 -446 0
-22 -52 -77 -97 0
-72 -102 -127 -147 0
-122 -152 -177 -197 0
-172 -202 -227 -247 0
-222 -252 -277 -297 0
-272 -302 -327 -347 0
-322 -352 -377 -397 0
-372 -402 -427 -447 0
-23 -53 -78 -98 0
-73 -103 -128 -148 0
-123 -153 -178 -198 0
-173 -203 -228 -248 0
-223 -253 -278 -298 0
-273 -303 -328 -348 0
-323 -353 -378 -398 0
-373 -403 -428 -448 0
-24 -54 -79 -99 0
-74 -104 -129 -149 0
-124 -154 -179 -199 0
-174 -204 -229 -249 0
-224 -254 -279 -299 0
-274 -304 -329 -349 0
-324 -354 -379 -399 0
-374 -404 -429 -449 0
